      
c
c the output of this program (on a cdc-7600 in single precision)
c is as follows..
c
c   at t =  4.0000e-01   y =  9.851712e-01  3.386380e-05  1.479493e-02
c   at t =  4.0000e+00   y =  9.055333e-01  2.240655e-05  9.444430e-02
c   at t =  4.0000e+01   y =  7.158403e-01  9.186334e-06  2.841505e-01
c   at t =  4.0000e+02   y =  4.505250e-01  3.222964e-06  5.494717e-01
c   at t =  4.0000e+03   y =  1.831975e-01  8.941774e-07  8.168016e-01
c   at t =  4.0000e+04   y =  3.898730e-02  1.621940e-07  9.610125e-01
c   at t =  4.0000e+05   y =  4.936363e-03  1.984221e-08  9.950636e-01
c   at t =  4.0000e+06   y =  5.161831e-04  2.065786e-09  9.994838e-01
c   at t =  4.0000e+07   y =  5.179817e-05  2.072032e-10  9.999482e-01
c   at t =  4.0000e+08   y =  5.283401e-06  2.113371e-11  9.999947e-01
c   at t =  4.0000e+09   y =  4.659031e-07  1.863613e-12  9.999995e-01
c   at t =  4.0000e+10   y =  1.404280e-08  5.617126e-14  1.000000e+00
c
c   no. steps = 361  no. f-s = 693  no. j-s =  64
c   method last used = 2   last switch was at t =  6.0092e-03
c
 at t =  0.4000E+00   y =  0.985171E+00  0.338638E-04  0.147949E-01
 at t =  0.4000E+01   y =  0.905533E+00  0.224066E-04  0.944443E-01
 at t =  0.4000E+02   y =  0.715840E+00  0.918633E-05  0.284150E+00
 at t =  0.4000E+03   y =  0.450525E+00  0.322296E-05  0.549472E+00
 at t =  0.4000E+04   y =  0.183198E+00  0.894177E-06  0.816802E+00
 at t =  0.4000E+05   y =  0.389873E-01  0.162194E-06  0.961013E+00
 at t =  0.4000E+06   y =  0.493636E-02  0.198422E-07  0.995064E+00
 at t =  0.4000E+07   y =  0.516183E-03  0.206579E-08  0.999484E+00
 at t =  0.4000E+08   y =  0.517980E-04  0.207203E-09  0.999948E+00
 at t =  0.4000E+09   y =  0.528368E-05  0.211348E-10  0.999995E+00
 at t =  0.4000E+10   y =  0.465866E-06  0.186346E-11  0.100000E+01
 at t =  0.4000E+11   y =  0.143133E-07  0.572534E-13  0.100000E+01

no. steps = 361  no. f-s = 693  no. j-s =  64
method last used = 2   last switch was at t =  0.6009E-02c